4.33277 6.74939 0.362142
4.32209 6.68693 0.332121
4.45693 6.59406 0.3648
4.41389 6.53615 0.373179
4.49558 6.34225 0.327208
4.62962 6.321 0.435391
4.67374 6.17262 0.344972
4.74292 6.03068 0.36148
4.87796 5.91888 0.321796
5.09 5.85585 0.387763
5.20112 5.72937 0.343694
5.33285 5.55957 0.303852
5.46894 5.41503 0.321935
5.48859 5.25269 0.258956
5.64195 5.07094 0.392114
5.74236 4.92753 0.316408
5.86376 4.70346 0.37081
5.96674 4.52559 0.432823
6.11158 4.36779 0.434596
6.2032 4.25505 0.45998
6.25499 4.18404 0.47606
6.36786 4.10149 0.422963
6.39579 3.9955 0.379356
6.43072 3.86592 0.359519
6.58154 3.75545 0.355189
6.62373 3.65781 0.316439
6.6229 3.57525 0.326294
6.69939 3.44459 0.351844
6.74858 3.26241 0.398203
6.78872 3.14076 0.43952
6.87895 3.08138 0.455415
6.91331 2.98861 0.466333
6.95964 2.91634 0.46282
7.06776 2.79116 0.44977
7.12177 2.67388 0.499962
7.1825 2.5259 0.481735
7.25916 2.3828 0.515868
7.3201 2.23144 0.512026
7.40696 2.06116 0.497629
7.43339 1.9485 0.52324
7.48044 1.80635 0.535017
7.54233 1.65148 0.551846
7.56717 1.49641 0.604238
7.67247 1.36218 0.613155
7.74079 1.1872 0.628896
7.73545 1.05886 0.630744
7.79744 0.895299 0.655819
7.81489 0.7232 0.681122
7.85792 0.559256 0.75051
7.90927 0.406358 0.794896
7.89553 0.192658 0.944909
7.90088 0.0456423 1.06393
7.81658 -0.0905721 1.13019
7.8607 -0.228332 1.15056
7.82588 -0.310707 1.16328
7.87389 -0.478376 1.15551
7.8104 -0.575145 1.10003
7.83573 -0.750637 1.1035
7.84909 -0.895903 1.13184
7.7949 -1.04469 1.19045
7.75774 -1.13658 1.19938
7.72676 -1.2328 1.22139
7.72609 -1.35718 1.24761
7.69131 -1.43116 1.29335
7.78994 -1.54944 1.34064
7.85957 -1.63137 1.32972
7.91142 -1.71347 1.31925
7.86086 -1.71603 1.27279
7.92569 -1.79194 1.30932
7.88346 -1.8022 1.2797
7.87854 -1.81705 1.30372
7.80131 -1.78387 1.21675
7.89748 -1.8025 1.22894
7.93375 -1.77349 1.18995
7.9698 -1.73384 1.09898
8.02759 -1.64776 1.03239
8.1331 -1.67461 0.998067
8.23482 -1.60494 0.988987
8.35458 -1.56053 0.972097
8.41483 -1.47781 0.952455
8.46705 -1.45199 0.961759
8.58949 -1.37848 0.960519
8.59611 -1.27647 0.922504
8.57745 -1.16338 0.817257
8.61804 -1.02498 0.751373
9.14216 -1.13192 1.25293
9.12298 -0.961011 1.22768
9.14396 -0.820071 1.22969
9.10697 -0.645663 1.22979
9.10014 -0.451205 1.20681
9.11454 -0.222925 1.19445
9.19811 -0.0784682 1.12597
9.21218 0.0999776 1.04146
9.31582 0.309353 1.05733
9.19923 0.526048 0.92638
9.2016 0.777331 0.853282
9.18311 1.02683 0.824623
9.08825 1.29232 0.78443
8.9857 1.54436 0.750927
8.91733 1.72909 0.747312
8.82223 2.00127 0.735657
8.70594 2.3013 0.661538
8.58345 2.55665 0.59278
8.48154 2.78095 0.540144
8.44514 3.04094 0.52569
8.21531 3.37398 0.484611
8.04833 3.64357 0.461721
7.84697 3.93175 0.431174
7.68204 4.19314 0.466501
7.52929 4.44867 0.541805
7.32766 4.53208 0.547416
7.17299 4.7683 0.546172
6.95875 5.00791 0.582448
6.80244 5.13627 0.612008
6.65142 5.24554 0.638712
6.48303 5.37119 0.63876
6.39476 5.43831 0.598552
6.25587 5.5301 0.638097
6.0976 5.61287 0.594638
5.96523 5.60444 0.549806
5.91558 5.61127 0.555291
5.84389 5.63308 0.62287
5.78066 5.56966 0.632958
5.74217 5.5274 0.638179
5.68533 5.49061 0.615232
5.66898 5.39466 0.641412
5.65604 5.21459 0.627984
5.77045 5.15889 0.659672
5.72842 4.84118 0.566317
5.75246 4.63796 0.554957
5.81848 4.5393 0.540855
5.30279 5.19145 0.589541
5.98399 4.21551 0.49006
6.06756 4.01317 0.492563
6.14125 3.79176 0.508574
6.20212 3.68255 0.547217
6.32956 3.41351 0.650285
6.37078 3.23504 0.68469
6.38913 3.15957 0.697665
6.45947 3.04742 0.700793
6.49785 2.94129 0.723874
6.56277 2.78184 0.75031
6.64082 2.6263 0.725431
6.70853 2.52457 0.735973
6.83804 -1.87357 1.37834
6.86771 2.50445 0.617834
6.96918 2.32172 0.618033
7.03198 2.16419 0.627528
7.10129 1.95239 0.671063
7.21111 1.85779 0.674081
7.25669 1.73526 0.6622
7.31198 1.62729 0.653625
7.36908 1.50207 0.655305
7.39896 1.39617 0.657152
7.46854 1.25346 0.714652
7.49705 1.19502 0.684539
7.52899 1.15851 0.657514
7.5703 1.10913 0.665622
7.59438 1.00712 0.664439
7.66283 0.963394 0.643267
8.03532 0.926977 0.856119
7.74804 0.886473 0.560808
7.76707 0.888703 0.49919
7.79656 0.831352 0.464271
7.88365 0.830255 0.411743
7.92802 0.820132 0.360026
8.01838 0.735298 0.370675
8.07864 0.670867 0.374082
8.10513 0.565384 0.398993
8.23897 0.546228 0.449895
8.53933 0.362564 0.735341
8.35249 0.443288 0.39392
8.69059 0.23846 0.71808
8.45809 0.30948 0.360656
8.83891 0.0933157 0.689414
8.59818 0.183447 0.319781
8.68267 0.14061 0.292982
8.77315 0.108561 0.255238
8.75972 0.0111053 0.249538
9.05089 -0.239612 0.645586
8.82489 -0.138487 0.32507
9.18323 -0.342762 0.656754
9.21584 -0.405638 0.659012
8.99795 -0.22898 0.26281
9.08921 -0.219153 0.211475
9.3625 -0.513522 0.629724
9.37723 -0.545748 0.636674
9.13933 -0.296089 0.186774
9.49142 -0.502631 0.609634
9.37987 -0.538398 0.649375
9.39621 -0.502885 0.687071
9.09872 -0.284677 0.334513
9.07626 -0.239241 0.306302
9.29361 -0.384776 0.687345
9.27195 -0.334686 0.701327
9.23786 -0.26491 0.663411
9.24384 -0.196924 0.68712
9.2388 -0.0707733 0.647408
9.00294 0.0274281 0.53551
9.12246 0.169078 0.625146
9.01825 0.253522 0.662704
8.6186 0.575831 0.265211
8.82707 0.526181 0.659603
8.73255 0.654259 0.673074
8.62286 0.796602 0.65181
8.57855 0.953242 0.728645
8.50112 1.05209 0.762203
8.09655 1.18855 0.401157
8.34527 1.27696 0.754904
8.25506 1.41601 0.769298
8.15386 1.5483 0.779536
8.08349 1.69858 0.788291
8.00538 1.86153 0.782222
7.90288 2.09093 0.727458
7.78225 2.2783 0.711095
7.67576 2.45692 0.703461
7.58795 2.70397 0.713563
7.45174 2.85189 0.684829
7.34826 3.06886 0.692633
7.18451 3.21563 0.655301
7.07896 3.37252 0.680645
6.943 3.53899 0.64791
6.7812 3.64957 0.645301
6.6595 3.82162 0.620608
6.54382 3.91437 0.638009
6.45732 4.02504 0.632074
6.37968 4.01664 0.625057
6.24811 4.2128 0.573234
6.19139 4.24122 0.60867
6.13361 4.35933 0.594362
6.05933 4.3615 0.579033
6.01929 4.41572 0.554917
5.89686 4.47725 0.520763
5.85077 4.46581 0.522149
5.77045 4.53048 0.498247
5.72385 4.53648 0.4779
5.73681 4.50548 0.554627
5.71907 4.48086 0.555707
5.74898 4.45145 0.579401
5.7569 4.47028 0.576946
5.76984 4.46874 0.569963
5.79298 4.45352 0.535112
5.85144 4.31063 0.530494
5.87197 4.29488 0.532936
5.91778 4.16602 0.502074
5.99045 4.1666 0.560512
6.07123 4.07422 0.553578
6.11739 4.00948 0.531381
6.21141 3.92588 0.553313
6.2814 3.76072 0.53176
6.34637 3.62865 0.526252
6.4745 3.55449 0.587651
6.54659 3.40055 0.590312
6.66258 3.2624 0.609306
6.7777 3.06382 0.667131
6.87568 2.82651 0.643889
7.01157 2.62454 0.6895
7.11403 2.43687 0.648867
7.24122 2.21575 0.689021
7.35336 2.09774 0.66628
7.45441 1.95067 0.637858
7.54378 1.7946 0.60038
7.67903 1.68869 0.567789
7.81828 1.54398 0.535208
7.98413 1.27715 0.585864
8.11599 1.06484 0.568191
8.28439 0.859951 0.553574
8.39643 0.597757 0.54939
8.54999 0.348648 0.589761
8.64834 0.187655 0.560094
8.76515 -0.00727692 0.551265
8.91021 -0.147144 0.487896
8.83882 0.0459784 -0.0289001
8.96854 -0.192178 -0.0103848
9.10313 -0.324948 -0.106399
9.22577 -0.509171 -0.0392946
9.30975 -0.707208 -0.0415636
9.45466 -0.85014 -0.0332424
9.57892 -0.998136 0.0428777
9.67033 -1.14685 0.0880835
9.75134 -1.2831 0.1291
9.8033 -1.41809 0.154799
9.89926 -1.51323 0.170768
9.92185 -1.63027 0.229697
10.0411 -1.68474 0.248849
10.0093 -1.78665 0.315344
10.0262 -1.83699 0.334313
10.0626 -1.84775 0.339362
10.0825 -1.84054 0.296106
10.051 -1.82918 0.290232
10.0451 -1.78085 0.316859
10.0131 -1.72744 0.292229
9.96608 -1.65719 0.275707
9.96646 -1.549 0.258036
9.91465 -1.44324 0.143603
9.81726 -1.3409 0.13654
9.73908 -1.21049 0.123166
9.68679 -1.04694 0.0736104
9.64801 -0.863156 0.00933985
9.54262 -0.71777 -0.0588716
9.41517 -0.59494 -0.101742
9.36624 -0.416617 -0.0928269
9.22124 -0.314858 -0.101582
9.14704 -0.159878 -0.0864024
9.0998 0.0271853 -0.0862631
8.98889 0.162276 -0.108395
9.23732 -0.180368 0.533649
8.84502 0.478739 -0.156431
9.124 -0.031494 0.619244
9.08269 0.031325 0.653472
9.05231 0.105813 0.705702
8.99244 0.200184 0.697681
8.92857 0.240859 0.715339
8.90538 0.338753 0.789379
8.82507 0.423577 0.784434
8.77221 0.582871 0.752291
8.74497 0.646826 0.794561
8.7183 0.74541 0.783676
8.67886 0.815112 0.806549
8.66728 0.912618 0.814976
8.61984 0.967831 0.797418
8.57665 1.01772 0.791039
8.53621 1.09287 0.817334
8.49783 1.15764 0.828425
8.41447 1.27331 0.806578
8.39516 1.31099 0.857452
8.39061 1.37308 0.892608
8.34591 1.34521 0.899701
8.31337 1.44542 0.84098
8.32428 1.49602 0.870956
8.29739 1.47996 0.895919
8.28371 1.53649 0.902492
8.27877 1.55459 0.907778
8.26807 1.57861 0.919376
8.24743 1.6104 0.949857
8.1992 1.58688 0.949286
8.15141 1.66412 0.945303
8.12422 1.63832 0.945101
8.10194 1.6269 0.978046
8.07765 1.67535 0.971479
8.06636 1.65421 0.959109
8.04 1.68106 0.936302
8.03391 1.63668 0.944831
8.02954 1.61585 0.935635
8.00348 1.59411 0.932218
7.99914 1.49693 0.952261
7.96754 1.51114 0.98191
7.91839 1.47451 1.00442
7.905 1.41533 1.01196
7.88413 1.3749 1.03088
7.87163 1.28633 1.02022
7.87551 1.252 0.993053
7.87372 1.32228 0.989722
7.88946 1.28456 0.981917
7.92173 1.22753 1.0001
7.88886 1.23226 0.979713
7.83563 1.24396 0.964819
7.81304 1.20829 0.980322
7.79968 1.15558 1.01764
7.8336 1.09019 1.0636
7.81453 1.0549 1.04643
7.81085 1.08291 1.06194
7.79542 1.12253 1.02144
7.78144 1.14718 1.0281
7.79156 1.15146 1.01931
7.77379 1.18407 1.00697
7.74946 1.24165 1.01969
7.70102 1.246 0.998547
7.67785 1.28328 1.00086
7.61725 1.33206 0.960326
7.58352 1.29136 0.924988
7.53038 1.42709 0.905979
7.47767 1.50885 0.864261
7.48364 1.6766 0.892809
7.44228 1.76389 0.865374
7.36674 1.89192 0.834766
7.29058 2.00967 0.786013
7.22188 2.10387 0.758098
7.19105 2.11936 0.710262
7.14347 2.21774 0.692184
7.09219 2.29729 0.655549
7.07435 2.38616 0.615709
7.01971 2.44287 0.559843
6.91444 2.59477 0.521926
6.82673 2.74483 0.499542
6.80157 2.85435 0.517472
6.62043 3.01184 0.464254
6.5099 3.11112 0.448909
6.47101 3.17853 0.445586
6.32188 3.3084 0.45431
6.21945 3.36215 0.443733
6.13822 3.41304 0.45006
6.02028 3.45516 0.439404
5.94169 3.45473 0.424243
5.90299 3.47107 0.440542
5.86081 3.44619 0.42043
5.84817 3.38897 0.426886
5.804 3.35683 0.4473
5.71621 3.32607 0.423225
5.7202 3.23147 0.459748
5.65255 3.14895 0.441416
5.66975 3.02081 0.426108
5.75902 2.90109 0.489703
5.75125 2.74566 0.490815
5.78062 2.55586 0.48262
5.80175 2.35527 0.499949
5.61941 2.09304 0.324827
5.57506 1.93142 0.31756
5.57095 1.79172 0.327747
5.58496 1.61687 0.33368
5.57427 1.4676 0.34563
5.44225 1.40087 0.364523
5.39601 1.27806 0.363678
5.27758 1.25942 0.370385
5.22388 1.18028 0.406999
5.04492 1.18536 0.370392
5.0736 1.09504 0.392032
4.99271 1.05178 0.395613
4.91511 1.02147 0.386578
4.92932 0.940986 0.401007
4.89055 0.887074 0.36648
4.81673 0.89906 0.368512
4.85462 0.847564 0.362469
4.8544 0.851876 0.347127
4.93306 0.769379 0.34119
4.98176 0.763396 0.34011
4.94385 0.797974 0.323375
4.90816 0.807658 0.294348
4.80652 0.889122 0.263667
4.82202 0.920549 0.246672
4.6788 1.03783 0.241931
4.57157 1.12786 0.213163
4.51846 1.20577 0.209824
4.4189 1.30116 0.186456
4.24814 1.41742 0.193822
4.17877 1.50723 0.181818
4.05465 1.59749 0.184668
3.93613 1.68649 0.162661
3.83012 1.75858 0.130393
3.73457 1.80629 0.0853503
3.78469 1.87975 0.116463
3.42841 1.90714 0.056637
3.32958 1.94021 0.037719
3.24751 1.99351 0.0415711
3.13246 2.03603 0.0444633
3.0731 2.08259 0.0379444
2.9261 2.10097 0.0485887
2.79658 2.11261 0.100651
2.67477 2.11779 0.0915766
