0
19.0376
21.1425
21.7866
21.5908
18.2016
17.9107
16.7719
18.3741
17.8493
18.0067
22.0739
0
0
0
0
24.1601
0
0
0
0
0
0
0
0
0
0
0
0
0
0
0
0
0
0
0
0
0
0
0
0
0
0
0
0
0
0
0
0
5.98708
0
0
0
0
0
0
0
0
0
0
0
0
0
0
0
0
0
0
0
0
0
0
0
0
0
0
0
0
0
0
0
0
0
0
0
0
0
0
0
0
0
0
0
0
0
0
0
0
9.52176
9.506
9.30635
9.29653
10.2631
10.5672
10.4073
9.63121
9.72722
10.1724
10.1043
11.0116
11.0298
11.5182
12.9036
12.6544
12.5231
12.4488
14.1962
15.9265
16.6677
17.3312
17.2489
17.1925
16.4224
16.2439
20.472
19.9886
21.0356
20.6732
23.8189
24.6223
22.5211
24.0823
24.6202
0
0
0
0
0
0
28.7359
0
0
0
0
0
0
0
0
0
0
0
0
0
0
0
0
0
0
0
0
0
0
0
0
0
0
0
0
0
0
0
0
0
0
0
0
0
0
0
0
0
0
0
0
0
0
0
0
0
0
0
0
0
0
0
0
0
0
24.4179
22.3846
21.2031
18.6162
16.077
16.4964
17.9819
17.9282
17.6701
17.5385
13.5552
13.1447
12.3005
12.8923
13.4342
14.2242
14.8344
14.9965
0
0
0
0
0
0
0
0
0
0
0
0
0
0
0
0
0
0
0
0
0
0
0
0
0
0
0
0
0
0
0
0
0
0
0
0
0
0
0
0
0
0
0
9.87898
9.88845
9.03352
9.15058
8.53927
8.65219
8.60577
0
0
0
0
0
0
0
0
0
0
0
0
0
0
0
0
0
0
0
0
0
0
0
0
0
0
0
0
0
0
0
0
0
0
0
0
0
0
0
0
0
0
0
0
0
12.4409
12.3605
11.1416
10.4804
10.3905
10.1906
10.1377
10.1509
10.1153
10.3824
10.3319
10.3358
10.302
10.6988
10.6521
10.6417
10.3518
10.6326
10.6983
11.1669
11.132
11.1286
10.7211
10.7151
10.1636
9.53431
9.49795
9.47007
9.44721
9.13101
9.1127
10.6691
10.4455
10.1456
10.1248
9.96292
10.8991
10.5786
10.549
10.2492
10.0875
9.11379
8.92621
8.93548
8.96646
9.02485
9.28969
8.95773
8.55742
8.28989
8.26315
8.34688
0
0
0
0
0
0
0
0
0
0
0
0
0
0
0
0
0
0
0
0
0
0
0
0
0
0
0
0
0
0
0
0
0
0
0
0
0
0
0
0
8.56074
8.46128
8.39105
8.31517
7.94957
7.82162
7.75872
7.70934
7.64411
7.45466
7.35637
7.19908
7.10986
6.87758
6.89041
6.77443
6.66507
6.66419
6.59737
6.50459
6.54114
6.54037
6.6245
6.68676
6.64294
6.59608
6.47998
6.50663
6.35218
6.23946
6.19685
6.10283
5.93379
5.88539
5.77409
5.67268
5.58168
5.49268
5.59603
5.19382
5.1015
5.04454
4.94589
4.9144
4.7689
4.64147
